第1幅图像的平均误差：0.0924741像素
第2幅图像的平均误差：0.0420329像素
第3幅图像的平均误差：0.233854像素
第4幅图像的平均误差：0.134607像素
第5幅图像的平均误差：0.172821像素
第6幅图像的平均误差：0.120202像素
第7幅图像的平均误差：0.0652051像素
第8幅图像的平均误差：0.019388像素
第9幅图像的平均误差：0.0765752像素
第10幅图像的平均误差：0.077378像素
第11幅图像的平均误差：0.0437341像素
总体平均误差：0.0980247像素

相机内参数矩阵：
[311.4704022147532, 0, 638.4000697286722;
  0, 311.7285258283761, 356.7078794080136;
  0, 0, 1]
畸变系数：
[0.0825964, 0.0053546, 0.00159725, -0.002143]
第1幅图像的旋转向量：
[0.024395, -2.96469, -0.839094]
第1幅图像的旋转矩阵：
[-0.9980543212151683, 0.001202665428289264, -0.06233879610320715;
  -0.03164604840493335, 0.8516899900399748, 0.5230895606739442;
  0.0537224303627661, 0.5240445729721613, -0.849994815286742]
第1幅图像的平移向量：
[170.898, -120.629, 107.804]
第2幅图像的旋转向量：
[-0.140375, -2.56741, -0.265459]
第2幅图像的旋转矩阵：
[-0.8435580851657593, 0.1539934403066188, -0.514485934981715;
  0.04546981666422625, 0.9750467170258069, 0.2172933394969069;
  0.5351095707647167, 0.1599059722453424, -0.8295105950596848]
第2幅图像的平移向量：
[279.883, -158.883, 79.6532]
第3幅图像的旋转向量：
[0.183343, -2.61599, -0.37578]
第3幅图像的旋转矩阵：
[-0.8721909165275668, -0.06150401175309107, -0.4852836919422274;
  -0.1956179905833609, 0.953138825280976, 0.2307812416599952;
  0.4483487558663805, 0.2962155233614143, -0.843350316791778]
第3幅图像的平移向量：
[213.389, -92.989, 12.3608]
第4幅图像的旋转向量：
[-0.813884, -2.88414, -0.385958]
第4幅图像的旋转矩阵：
[-0.8482112443890154, 0.5276771778401873, -0.04576549878077459;
  0.4970771082120621, 0.8228951044548909, 0.2752417038817104;
  0.1828989704278613, 0.2107141263674284, -0.9602851261816147]
第4幅图像的平移向量：
[80.2044, -307.451, 225.36]
第5幅图像的旋转向量：
[0.235048, 2.91732, 0.61243]
第5幅图像的旋转矩阵：
[-0.9762694563555834, 0.1216101725683758, 0.1791896049302624;
  0.1834023763662001, 0.9042944147345539, 0.3855063940106855;
  -0.1151586598150758, 0.4092219170667439, -0.9051386112976368]
第5幅图像的平移向量：
[45.3915, -176.943, 111.306]
第6幅图像的旋转向量：
[-0.177963, -3.00184, 0.22627]
第6幅图像的旋转矩阵：
[-0.9851368816682927, 0.1075954023490313, -0.1338975495303116;
  0.1264512810744272, 0.9818470040260826, -0.1413737394272434;
  0.1162557434775091, -0.1562040014799748, -0.9808592722863639]
第6幅图像的平移向量：
[157.395, -76.5649, 173.01]
第7幅图像的旋转向量：
[-1.39881, -2.64098, -0.748187]
第7幅图像的旋转矩阵：
[-0.5862223807496287, 0.7924899844143004, 0.1682347910250997;
  0.7629727698878556, 0.4702216491116874, 0.4435810558582701;
  0.272425903169817, 0.388395707120594, -0.8803027331392328]
第7幅图像的平移向量：
[36.603, -343.198, 249.945]
第8幅图像的旋转向量：
[-0.733459, -3.02903, 0.273268]
第8幅图像的旋转矩阵：
[-0.8899926467715041, 0.4528125634720467, -0.05360849796931814;
  0.4550958226158762, 0.8748195620391788, -0.1660678358718447;
  -0.02829983975628798, -0.1721961562737472, -0.9846560835308517]
第8幅图像的平移向量：
[148.799, -267.291, 264.256]
第9幅图像的旋转向量：
[-0.529381, -3.0522, 0.0371733]
第9幅图像的旋转矩阵：
[-0.9406780004626245, 0.3360231999433239, -0.04704581326204916;
  0.337069318793495, 0.941340728141779, -0.01618356788825774;
  0.03884808584380715, -0.03108122650980231, -0.9987616250061466]
第9幅图像的平移向量：
[160.399, -239.941, 246.765]
第10幅图像的旋转向量：
[0.0222748, 3.09307, 0.0464785]
第10幅图像的旋转矩阵：
[-0.9987401942629895, 0.01366845962153419, 0.04828247689483781;
  0.01511300693459609, 0.9994451516617849, 0.02968140564641177;
  -0.04784998834817945, 0.03037370624942703, -0.9983926164509395]
第10幅图像的平移向量：
[177.046, -140.426, 239.715]
第11幅图像的旋转向量：
[-0.0421797, -3.04362, -0.53892]
第11幅图像的旋转矩阵：
[-0.9983610553840284, 0.03562474232295353, -0.04478929366391147;
  0.01807971605563875, 0.9388794899671213, 0.3437708934543847;
  0.05429849868860478, 0.3423976942876538, -0.9379848037077477]
第11幅图像的平移向量：
[157.901, -51.6929, 83.4843]

